pgd_r4:
  rcs: 0.70435
  spur_acc: 0.99107
r3:
  rcs: 0.50581
  spur_acc: 0.95536
std:
  rcs: 0.48485
  spur_acc: 0.99107
