r3:
  avg_group_acc: 0.74536
  max_upper_bound: 2260.19157
  min_lower_bound: -2259.98128
  min_robust_delta: 4519.85367
  test_acc: 0.80243
  train_acc: 0.93817
  worst_group: 0
  worst_group_acc: 0.648
r4:
  avg_group_acc: 0.82727
  max_upper_bound: 44.6958
  min_lower_bound: -44.6895
  min_robust_delta: 89.38533
  test_acc: 0.8295
  train_acc: 0.8859
  worst_group: 1
  worst_group_acc: 0.82255
std:
  avg_group_acc: 0.70839
  max_upper_bound: 2005.81677
  min_lower_bound: -2005.74996
  min_robust_delta: 4011.40533
  test_acc: 0.81567
  train_acc: 0.9592
  worst_group: 0
  worst_group_acc: 0.52533
